5.948570846715598600e+04
5.932220118915814965e+04
5.883468455280903436e+04
5.803209476633650775e+04
5.692885208854736993e+04
5.554420761866485554e+04
5.390142827856414806e+04
5.202689424544270878e+04
4.994917811131953931e+04
4.769816219655016175e+04
4.530423418076871894e+04
4.279758518046251993e+04
4.020762085165539611e+04
3.756248596206938964e+04
3.488869613212692639e+04
3.221086653961318734e+04
2.955152560544915104e+04
2.693100132716419466e+04
2.436736844103535987e+04
2.187644555604439302e+04
1.947183257858224897e+04
1.716497998000709049e+04
1.496528264222331018e+04
1.288019209093298196e+04
1.091534187178926186e+04
9.074681652291023056e+03
7.360616355821166508e+03
5.774147279686267211e+03
4.315012722520688840e+03
2.981826144278889387e+03
1.772210307841056192e+03
6.829262179413590275e+02
-2.900040131117408464e+02
-1.151180981322577964e+03
-1.905718884583873432e+03
-2.559143719062689797e+03
-3.117298866275995806e+03
-3.586258051278917264e+03
-3.972245572379196346e+03
-4.281563646372821495e+03
-4.520526675111001168e+03
-4.695402215673631872e+03
-4.812358421225817438e+03
-4.877417707932684607e+03
-4.896416388930520952e+03
-4.874970002936947822e+03
-4.818444054605595738e+03
-4.731929877635920093e+03
-4.620225327877263226e+03
-4.487820008761475037e+03
-4.338884726693898301e+03
-4.177264874155569487e+03
-4.006477444225634827e+03
-3.829711390019852388e+03
-3.649831045664269823e+03
-3.469382318481089897e+03
-3.290601352449073602e+03
-3.115425354780434191e+03
-2.945505276557532852e+03
-2.782220045135366036e+03
-2.626692062195700146e+03
-2.479803703565673459e+03
-2.342214581877569344e+03
-2.214379353086424544e+03
-2.096565861631638654e+03
-1.988873425289116994e+03
-1.891251068788349585e+03
-1.803515527580272192e+03
-1.725368859117779493e+03
-1.656415512566471079e+03
-1.596178723601902448e+03
-1.544116121844886493e+03
-1.499634459288902008e+03
-1.462103381248652340e+03
-1.430868170930605856e+03
-1.405261411520323691e+03
-1.384613528827319669e+03
-1.368262196001123584e+03
-1.355560596345352224e+03
-1.345884551580016478e+03
-1.338638536019140702e+03
-1.333260613035800816e+03
-1.329226352207188029e+03
-1.326051806889648560e+03
-1.323295645619527704e+03
-1.320560532393820495e+03
-1.317493840036427855e+03
-1.313787766876828755e+03
-1.309178914272384645e+03
-1.303447375682595521e+03
-1.296415383291400303e+03
-1.287945557043185772e+03
-1.277938800289296523e+03
-1.266331888141481613e+03
-1.253094800620409842e+03
-1.238227862803000107e+03
-1.221758761452422050e+03
-1.203739504867912046e+03
-1.184243378887035533e+03
-1.163361935528020012e+03
-1.141202038229714844e+03
-1.117882982633069787e+03
-1.093533712236021074e+03
-1.068290149660067755e+03
-1.042292662341430287e+03
-1.015683675642722960e+03
-9.886054393158279936e+02
-9.611979532334240730e+02
-9.335970682837412369e+02
-9.059327887525881806e+02
-8.783278023454040522e+02
-8.508962564267139896e+02
-8.237427950309955804e+02
-7.969618743481630645e+02
-7.706373739726690246e+02
-7.448425054451213327e+02
-7.196399916869406752e+02
-6.950824671826260328e+02
-6.712130392204330747e+02
-6.480659545833259472e+02
-6.256673253711863936e+02
-6.040358758807279855e+02
-5.831836800685956632e+02
-5.631168669161025946e+02
-5.438362805883867850e+02
-5.253380915257421293e+02
-5.076143594997375317e+02
-4.906535497881919241e+02
-4.744410012147124576e+02
-4.589593463643489031e+02
-4.441888880447921792e+02
-4.301079383359415260e+02
-4.166931252104110399e+02
-4.039196679093963667e+02
-3.917616184022074322e+02
-3.801920643079479873e+02
-3.691832906408362760e+02
-3.587069026145450152e+02
-3.487339177913829076e+02
-3.392348417721445344e+02
-3.301797444611453898e+02
-3.215383533604893387e+02
-3.132801742176829976e+02
-3.053746418504206872e+02
-2.977912994402421418e+02
-2.905000046772915994e+02
-2.834711638162128224e+02
-2.766759967447614486e+02
-2.700868362590389893e+02
-2.636774638119773613e+02
