4.999999980020986001e-02
9.999999960041972003e-02
1.499999994006295800e-01
1.999999992008394401e-01
2.499999990010493001e-01
2.999999988012591601e-01
3.499999986014690201e-01
3.999999984016788801e-01
4.499999982018887401e-01
4.999999980020986001e-01
5.499999978023084601e-01
5.999999976025183202e-01
6.499999974027281802e-01
6.999999972029380402e-01
7.499999970031479002e-01
7.999999968033577602e-01
8.499999966035676202e-01
8.999999964037774802e-01
9.499999962039873402e-01
9.999999960041972003e-01
1.049999995804407060e+00
1.099999995604616920e+00
1.149999995404826780e+00
1.199999995205036640e+00
1.249999995005246500e+00
1.299999994805456360e+00
1.349999994605666220e+00
1.399999994405876080e+00
1.449999994206085940e+00
1.499999994006295800e+00
1.549999993806505660e+00
1.599999993606715520e+00
1.649999993406925380e+00
1.699999993207135240e+00
1.749999993007345100e+00
1.799999992807554960e+00
1.849999992607764820e+00
1.899999992407974680e+00
1.949999992208184540e+00
1.999999992008394401e+00
2.049999991808604261e+00
2.099999991608814121e+00
2.149999991409023981e+00
2.199999991209233841e+00
2.249999991009443701e+00
2.299999990809653561e+00
2.349999990609863421e+00
2.399999990410073281e+00
2.449999990210283141e+00
2.499999990010493001e+00
2.549999989810702861e+00
2.599999989610912721e+00
2.649999989411122581e+00
2.699999989211332441e+00
2.749999989011542301e+00
2.799999988811752161e+00
2.849999988611962021e+00
2.899999988412171881e+00
2.949999988212381741e+00
2.999999988012591601e+00
3.049999987812801461e+00
3.099999987613011321e+00
3.149999987413221181e+00
3.199999987213431041e+00
3.249999987013640901e+00
3.299999986813850761e+00
3.349999986614060621e+00
3.399999986414270481e+00
3.449999986214480341e+00
3.499999986014690201e+00
3.549999985814900061e+00
3.599999985615109921e+00
3.649999985415319781e+00
3.699999985215529641e+00
3.749999985015739501e+00
3.799999984815949361e+00
3.849999984616159221e+00
3.899999984416369081e+00
3.949999984216578941e+00
3.999999984016788801e+00
4.049999983816998217e+00
4.099999983617208521e+00
4.149999983417417937e+00
4.199999983217628241e+00
4.249999983017837657e+00
4.299999982818047961e+00
4.349999982618257377e+00
4.399999982418467681e+00
4.449999982218677097e+00
4.499999982018887401e+00
4.549999981819096817e+00
4.599999981619307121e+00
4.649999981419516537e+00
4.699999981219726841e+00
4.749999981019936257e+00
4.799999980820146561e+00
4.849999980620355977e+00
4.899999980420566281e+00
4.949999980220775697e+00
4.999999980020986001e+00
5.049999979821195417e+00
5.099999979621405721e+00
5.149999979421615137e+00
5.199999979221825441e+00
5.249999979022034857e+00
5.299999978822245161e+00
5.349999978622454577e+00
5.399999978422664881e+00
5.449999978222874297e+00
5.499999978023084601e+00
5.549999977823294017e+00
5.599999977623504321e+00
5.649999977423713737e+00
5.699999977223924041e+00
5.749999977024133457e+00
5.799999976824343761e+00
5.849999976624553177e+00
5.899999976424763481e+00
5.949999976224972897e+00
5.999999976025183202e+00
6.049999975825392617e+00
6.099999975625602922e+00
6.149999975425812337e+00
6.199999975226022642e+00
6.249999975026232057e+00
6.299999974826442362e+00
6.349999974626651777e+00
6.399999974426862082e+00
6.449999974227071498e+00
6.499999974027281802e+00
6.549999973827491218e+00
6.599999973627701522e+00
6.649999973427910938e+00
6.699999973228121242e+00
6.749999973028330658e+00
6.799999972828540962e+00
6.849999972628750378e+00
6.899999972428960682e+00
6.949999972229170098e+00
6.999999972029380402e+00
7.049999971829589818e+00
7.099999971629800122e+00
7.149999971430009538e+00
7.199999971230219842e+00
7.249999971030429258e+00
7.299999970830639562e+00
7.349999970630848978e+00
7.399999970431059282e+00
7.449999970231268698e+00
7.499999970031479002e+00
7.549999969831688418e+00
7.599999969631898722e+00
7.649999969432108138e+00
7.699999969232318442e+00
7.749999969032527858e+00
7.799999968832738162e+00
7.849999968632947578e+00
7.899999968433157882e+00
7.949999968233367298e+00
7.999999968033577602e+00
8.049999967833787906e+00
8.099999967633996434e+00
8.149999967434206738e+00
8.199999967234417042e+00
8.249999967034627346e+00
8.299999966834835874e+00
8.349999966635046178e+00
8.399999966435256482e+00
8.449999966235466786e+00
8.499999966035675314e+00
8.549999965835885618e+00
8.599999965636095922e+00
8.649999965436306226e+00
8.699999965236514754e+00
8.749999965036725058e+00
8.799999964836935362e+00
8.849999964637145666e+00
8.899999964437354194e+00
8.949999964237564498e+00
8.999999964037774802e+00
9.049999963837985106e+00
9.099999963638193634e+00
9.149999963438403938e+00
9.199999963238614242e+00
9.249999963038824546e+00
9.299999962839033074e+00
9.349999962639243378e+00
9.399999962439453682e+00
9.449999962239663986e+00
9.499999962039872514e+00
9.549999961840082818e+00
9.599999961640293122e+00
9.649999961440503427e+00
9.699999961240711954e+00
9.749999961040922258e+00
9.799999960841132562e+00
9.849999960641342867e+00
9.899999960441551394e+00
9.949999960241761698e+00
9.999999960041972003e+00
1.004999995984218231e+01
1.009999995964239083e+01
1.014999995944260114e+01
1.019999995924281144e+01
1.024999995904302175e+01
1.029999995884323027e+01
1.034999995864344058e+01
1.039999995844365088e+01
1.044999995824386119e+01
1.049999995804406971e+01
1.054999995784428002e+01
1.059999995764449032e+01
1.064999995744470063e+01
1.069999995724490915e+01
1.074999995704511946e+01
1.079999995684532976e+01
1.084999995664554007e+01
1.089999995644574859e+01
1.094999995624595890e+01
1.099999995604616920e+01
1.104999995584637951e+01
1.109999995564658803e+01
1.114999995544679834e+01
1.119999995524700864e+01
1.124999995504721895e+01
1.129999995484742747e+01
1.134999995464763778e+01
1.139999995444784808e+01
1.144999995424805839e+01
1.149999995404826691e+01
1.154999995384847722e+01
1.159999995364868752e+01
1.164999995344889783e+01
1.169999995324910635e+01
1.174999995304931666e+01
1.179999995284952696e+01
1.184999995264973727e+01
1.189999995244994579e+01
1.194999995225015610e+01
1.199999995205036640e+01
1.204999995185057671e+01
1.209999995165078523e+01
1.214999995145099554e+01
1.219999995125120584e+01
1.224999995105141437e+01
1.229999995085162467e+01
1.234999995065183498e+01
1.239999995045204528e+01
1.244999995025225381e+01
1.249999995005246411e+01
1.254999994985267442e+01
1.259999994965288472e+01
1.264999994945309325e+01
1.269999994925330355e+01
1.274999994905351386e+01
1.279999994885372416e+01
1.284999994865393269e+01
1.289999994845414300e+01
1.294999994825435330e+01
1.299999994805456360e+01
1.304999994785477213e+01
1.309999994765498244e+01
1.314999994745519274e+01
1.319999994725540304e+01
1.324999994705561157e+01
1.329999994685582188e+01
1.334999994665603218e+01
1.339999994645624248e+01
1.344999994625645101e+01
1.349999994605666132e+01
1.354999994585687162e+01
1.359999994565708192e+01
1.364999994545729045e+01
1.369999994525750076e+01
1.374999994505771106e+01
1.379999994485792136e+01
1.384999994465812989e+01
1.389999994445834020e+01
1.394999994425855050e+01
1.399999994405876080e+01
1.404999994385896933e+01
1.409999994365917964e+01
1.414999994345938994e+01
1.419999994325960024e+01
1.424999994305980877e+01
1.429999994286001908e+01
1.434999994266022938e+01
1.439999994246043968e+01
1.444999994226064821e+01
1.449999994206085852e+01
1.454999994186106882e+01
1.459999994166127912e+01
1.464999994146148765e+01
1.469999994126169796e+01
1.474999994106190826e+01
1.479999994086211856e+01
1.484999994066232709e+01
1.489999994046253740e+01
1.494999994026274770e+01
1.499999994006295800e+01
1.504999993986316653e+01
1.509999993966337684e+01
1.514999993946358714e+01
1.519999993926379744e+01
1.524999993906400597e+01
1.529999993886421628e+01
1.534999993866442658e+01
1.539999993846463688e+01
1.544999993826484541e+01
1.549999993806505572e+01
1.554999993786526602e+01
1.559999993766547632e+01
1.564999993746568485e+01
1.569999993726589516e+01
1.574999993706610546e+01
1.579999993686631576e+01
1.584999993666652429e+01
1.589999993646673460e+01
1.594999993626694490e+01
1.599999993606715520e+01
1.604999993586736551e+01
1.609999993566757581e+01
1.614999993546778256e+01
1.619999993526799287e+01
1.624999993506820317e+01
1.629999993486841348e+01
1.634999993466862378e+01
1.639999993446883408e+01
1.644999993426904439e+01
1.649999993406925469e+01
1.654999993386946144e+01
1.659999993366967175e+01
1.664999993346988205e+01
1.669999993327009236e+01
1.674999993307030266e+01
1.679999993287051296e+01
1.684999993267072327e+01
1.689999993247093357e+01
1.694999993227114032e+01
1.699999993207135063e+01
1.704999993187156093e+01
1.709999993167177124e+01
1.714999993147198154e+01
1.719999993127219184e+01
1.724999993107240215e+01
1.729999993087261245e+01
1.734999993067281920e+01
1.739999993047302951e+01
1.744999993027323981e+01
1.749999993007345012e+01
1.754999992987366042e+01
1.759999992967387072e+01
1.764999992947408103e+01
1.769999992927429133e+01
1.774999992907449808e+01
1.779999992887470839e+01
1.784999992867491869e+01
1.789999992847512900e+01
1.794999992827533930e+01
1.799999992807554960e+01
1.804999992787575991e+01
1.809999992767597021e+01
1.814999992747617696e+01
1.819999992727638727e+01
1.824999992707659757e+01
1.829999992687680788e+01
1.834999992667701818e+01
1.839999992647722848e+01
1.844999992627743879e+01
1.849999992607764909e+01
1.854999992587785584e+01
1.859999992567806615e+01
1.864999992547827645e+01
1.869999992527848676e+01
1.874999992507869706e+01
1.879999992487890736e+01
1.884999992467911767e+01
1.889999992447932797e+01
1.894999992427953472e+01
1.899999992407974503e+01
1.904999992387995533e+01
1.909999992368016564e+01
1.914999992348037594e+01
1.919999992328058624e+01
1.924999992308079655e+01
1.929999992288100685e+01
1.934999992268121360e+01
1.939999992248142391e+01
1.944999992228163421e+01
1.949999992208184452e+01
1.954999992188205482e+01
1.959999992168226512e+01
1.964999992148247543e+01
1.969999992128268573e+01
1.974999992108289248e+01
1.979999992088310279e+01
1.984999992068331309e+01
1.989999992048352340e+01
1.994999992028373370e+01
1.999999992008394401e+01
2.004999991988415431e+01
2.009999991968436461e+01
2.014999991948457136e+01
2.019999991928478167e+01
2.024999991908499197e+01
2.029999991888520228e+01
2.034999991868541258e+01
2.039999991848562289e+01
2.044999991828583319e+01
2.049999991808604349e+01
2.054999991788625024e+01
2.059999991768646055e+01
2.064999991748667085e+01
2.069999991728688116e+01
2.074999991708709146e+01
2.079999991688730177e+01
2.084999991668751207e+01
2.089999991648772237e+01
2.094999991628792912e+01
2.099999991608813943e+01
2.104999991588834973e+01
2.109999991568856004e+01
2.114999991548877034e+01
2.119999991528898065e+01
2.124999991508919095e+01
2.129999991488940125e+01
2.134999991468960800e+01
2.139999991448981831e+01
2.144999991429002861e+01
2.149999991409023892e+01
2.154999991389044922e+01
2.159999991369065953e+01
2.164999991349086983e+01
2.169999991329108013e+01
2.174999991309128688e+01
2.179999991289149719e+01
2.184999991269170749e+01
2.189999991249191780e+01
2.194999991229212810e+01
2.199999991209233841e+01
2.204999991189254871e+01
2.209999991169275901e+01
2.214999991149296577e+01
2.219999991129317607e+01
2.224999991109338637e+01
2.229999991089359668e+01
2.234999991069380698e+01
2.239999991049401729e+01
2.244999991029422759e+01
2.249999991009443789e+01
2.254999990989464465e+01
2.259999990969485495e+01
2.264999990949506525e+01
2.269999990929527556e+01
2.274999990909548586e+01
2.279999990889569617e+01
2.284999990869590647e+01
2.289999990849611677e+01
2.294999990829632353e+01
2.299999990809653383e+01
2.304999990789674413e+01
2.309999990769695444e+01
2.314999990749716474e+01
2.319999990729737505e+01
2.324999990709758535e+01
2.329999990689779565e+01
2.334999990669800241e+01
2.339999990649821271e+01
2.344999990629842301e+01
2.349999990609863332e+01
2.354999990589884362e+01
2.359999990569905393e+01
2.364999990549926423e+01
2.369999990529947453e+01
2.374999990509968129e+01
2.379999990489989159e+01
2.384999990470010189e+01
2.389999990450031220e+01
2.394999990430052250e+01
2.399999990410073281e+01
2.404999990390094311e+01
2.409999990370115341e+01
2.414999990350136017e+01
2.419999990330157047e+01
2.424999990310178077e+01
2.429999990290199108e+01
2.434999990270220138e+01
2.439999990250241169e+01
2.444999990230262199e+01
2.449999990210282874e+01
2.454999990190303905e+01
2.459999990170324935e+01
2.464999990150345965e+01
2.469999990130366996e+01
2.474999990110388026e+01
2.479999990090409057e+01
2.484999990070430087e+01
2.489999990050450762e+01
2.494999990030471793e+01
2.499999990010492823e+01
0.000000000000000000e+00
0.000000000000000000e+00
0.000000000000000000e+00
0.000000000000000000e+00
0.000000000000000000e+00
0.000000000000000000e+00
0.000000000000000000e+00
0.000000000000000000e+00
0.000000000000000000e+00
0.000000000000000000e+00
0.000000000000000000e+00
0.000000000000000000e+00
0.000000000000000000e+00
0.000000000000000000e+00
0.000000000000000000e+00
0.000000000000000000e+00
0.000000000000000000e+00
0.000000000000000000e+00
0.000000000000000000e+00
0.000000000000000000e+00
0.000000000000000000e+00
0.000000000000000000e+00
0.000000000000000000e+00
0.000000000000000000e+00
0.000000000000000000e+00
0.000000000000000000e+00
0.000000000000000000e+00
0.000000000000000000e+00
0.000000000000000000e+00
0.000000000000000000e+00
0.000000000000000000e+00
0.000000000000000000e+00
0.000000000000000000e+00
0.000000000000000000e+00
0.000000000000000000e+00
0.000000000000000000e+00
0.000000000000000000e+00
0.000000000000000000e+00
0.000000000000000000e+00
0.000000000000000000e+00
0.000000000000000000e+00
0.000000000000000000e+00
0.000000000000000000e+00
0.000000000000000000e+00
0.000000000000000000e+00
0.000000000000000000e+00
0.000000000000000000e+00
0.000000000000000000e+00
0.000000000000000000e+00
0.000000000000000000e+00
0.000000000000000000e+00
0.000000000000000000e+00
0.000000000000000000e+00
0.000000000000000000e+00
0.000000000000000000e+00
0.000000000000000000e+00
0.000000000000000000e+00
0.000000000000000000e+00
0.000000000000000000e+00
1.520157131182464976e-06
9.802136350841746094e-05
1.176734115825238750e-03
8.318259566225914836e-03
3.813172477437026808e-02
1.239022917964808790e-01
3.053432629839741841e-01
6.031868851682570254e-01
1.007610030885641939e+00
1.463948924002510754e+00
1.911467180722780101e+00
2.293372026608161196e+00
2.576809458309564871e+00
2.752059943358176941e+00
2.820934006143541062e+00
2.807377335743032720e+00
2.727031285048504117e+00
2.606699210932123201e+00
2.459170583697352530e+00
2.301058347745462029e+00
2.136833195617642733e+00
1.977304370118116328e+00
1.826797720322185903e+00
1.685692046396870758e+00
1.558407870057513911e+00
1.441517460383100246e+00
1.336838465569348378e+00
1.244633552043286073e+00
1.160694381629205907e+00
1.086407498425114415e+00
1.020624366643116288e+00
9.616542114546777764e-01
9.090683712702424257e-01
8.640765596860946474e-01
8.234767445980364364e-01
7.889544733207730642e-01
7.575444688761161505e-01
7.309202543417193665e-01
7.077579115548091604e-01
6.874334715477042890e-01
6.708065182801461468e-01
6.573147859342457489e-01
6.449398414193187046e-01
6.366727323006685646e-01
6.297620347801262675e-01
6.257642429875335255e-01
6.235598469815498701e-01
6.234883577280978528e-01
6.254895550388860359e-01
6.296823859535324308e-01
6.357871165509256794e-01
6.434224257922486201e-01
6.541860272398268839e-01
6.658058604199356134e-01
6.796263674767454299e-01
6.953919489053871361e-01
7.131033647391739061e-01
7.340316776012837385e-01
7.552773349368513411e-01
7.791034557997478238e-01
8.042584356550656066e-01
8.293510006010955671e-01
8.571639076534248725e-01
8.854757531682061478e-01
9.141899399818423921e-01
9.428373241328485976e-01
9.706413268318596632e-01
9.989257606808784606e-01
1.026251269470194183e+00
1.051837568463738215e+00
1.077004261720508671e+00
1.099914016432899766e+00
1.122426077018595869e+00
1.142663954646725655e+00
1.161884996904659184e+00
1.179958703721003088e+00
1.196532324696824023e+00
1.211645035152461469e+00
1.224301473283539332e+00
1.235825258055430975e+00
1.244000648095951789e+00
1.249724088152773582e+00
1.251966097201365979e+00
1.251053663972417906e+00
1.246995516443041740e+00
1.239748531931348818e+00
1.229425331886104811e+00
1.216728656599557867e+00
1.201506740393516015e+00
1.184828556987445936e+00
1.165551741940915820e+00
1.145848530167284274e+00
1.124496953845879776e+00
1.103554591439713572e+00
1.081858458150630087e+00
1.061061966266837464e+00
1.040693573679523753e+00
1.022608457737645749e+00
1.003362829408265045e+00
9.851714844953107786e-01
9.683508793761546052e-01
9.526002601946310655e-01
9.373499252300317997e-01
9.238320808839035614e-01
9.112114008207889970e-01
9.007264744979009974e-01
8.910645407292137055e-01
8.827904109547892730e-01
8.755933418627463993e-01
8.706269861247168951e-01
8.662827480409384107e-01
8.638256310064800214e-01
8.615041673251809806e-01
8.614455147637211097e-01
8.623391440127885499e-01
8.654205435663030466e-01
8.682499334714645078e-01
8.724882261893820434e-01
8.779388371830700866e-01
8.848578953061975172e-01
8.917274393692431467e-01
9.000405806299657252e-01
9.088104482837613407e-01
9.179132766481314931e-01
9.279430423215743184e-01
9.386146399264563289e-01
9.493005473263322891e-01
9.603016317483408226e-01
9.716571917196406005e-01
9.827686583527094344e-01
9.928072692930970389e-01
1.003544944853655974e+00
1.013950427700786028e+00
1.023673383189465325e+00
1.032401554819077472e+00
1.041166822017291826e+00
1.049063279297559159e+00
1.055947977414321892e+00
1.062841244684439967e+00
1.067807468893485989e+00
1.072257800766830194e+00
1.075636765135536077e+00
1.078194986471081585e+00
1.080463226771167795e+00
1.081673751747124435e+00
1.081226096987125906e+00
1.080939260013762393e+00
1.079496569626485547e+00
1.077481430867263779e+00
1.075795190762975695e+00
1.071575753035112433e+00
1.068244757334609885e+00
1.064387252805488293e+00
1.060055976327662242e+00
1.054652688274627215e+00
1.049561572284738675e+00
1.043686083364743444e+00
1.037489047082575500e+00
1.031080248630780405e+00
1.025339529077622824e+00
1.018885578974569439e+00
1.012883021593456556e+00
1.006356671536575931e+00
1.000512744924942243e+00
9.945657401611330828e-01
9.889245896243645806e-01
9.834411819746370353e-01
9.788223532030282392e-01
9.736637540884314213e-01
9.695427657586014325e-01
9.657212231269950431e-01
9.619255079805802966e-01
9.587557044574173126e-01
9.559519611069761114e-01
9.538667800252532691e-01
9.519991035722483730e-01
9.509794974424519154e-01
9.501577917666238493e-01
9.499422097798176923e-01
9.497429680797956353e-01
9.507704364660333196e-01
9.519084862355908783e-01
9.538503838001148871e-01
9.555735807256212633e-01
9.578532759127517116e-01
9.602929618351895291e-01
9.632812602479429165e-01
9.669489766359737892e-01
9.706145588723160689e-01
9.741987129090190489e-01
9.782580530588479428e-01
9.821030381074413729e-01
9.864298773600488346e-01
9.904487470961488293e-01
9.947761780741954940e-01
9.990155588562502631e-01
1.002839528018453219e+00
1.006332572122397906e+00
1.009713453101763303e+00
1.013156247247652297e+00
1.016755422026955014e+00
1.019486358528536973e+00
1.022229288861722596e+00
1.024595889019168649e+00
1.026573443204956471e+00
1.028109476683709333e+00
1.029305271688744972e+00
1.030375341871613726e+00
1.031281486601676400e+00
1.031612031812148222e+00
1.031379693688007304e+00
1.031338267872698111e+00
1.030697980412714543e+00
1.029933045606594932e+00
1.028855486716634626e+00
1.027423021619723320e+00
1.025755365657102791e+00
1.024360885698418100e+00
1.022492018477282993e+00
1.020201261350891064e+00
1.018036992731555124e+00
1.015490651246250486e+00
1.013023238779789281e+00
1.010550978314169956e+00
1.007749392533505040e+00
1.005649215891577297e+00
1.003249147906347893e+00
1.001002076695988841e+00
9.986876691786863436e-01
9.965597699127511921e-01
9.943135826603130001e-01
9.923813818980758983e-01
9.902878665845760153e-01
9.885961562827967342e-01
9.871651011804047915e-01
9.855742799887017291e-01
9.842935955742561083e-01
9.832206556307050427e-01
9.819912409914735019e-01
9.815793878524590177e-01
9.809282376424023342e-01
9.805553230347674454e-01
9.803630955598582331e-01
9.803096941333144798e-01
9.806864357696826184e-01
9.810912654724688320e-01
9.815264915109176425e-01
9.824719195760216461e-01
9.831627118672108256e-01
9.841674108222994155e-01
9.853347561502610041e-01
9.864231669079400744e-01
9.875648005365700310e-01
9.892895753543800019e-01
9.909644332861653471e-01
9.922216911803274364e-01
9.938587018602280665e-01
9.957976420927192596e-01
9.972064471807576824e-01
9.986670663418172333e-01
9.998821660947880829e-01
1.001337116475028877e+00
1.003148088519060899e+00
1.004580049308502865e+00
1.005969572261260270e+00
1.007274563437884574e+00
1.008541928582871172e+00
1.009380517814914002e+00
1.010213122416553588e+00
1.010753087628215141e+00
1.011401573000359599e+00
1.011859019123952264e+00
1.012212866092695673e+00
1.012153145220425987e+00
1.012434043854776311e+00
1.012431098100274873e+00
1.012215280000650752e+00
1.012074130130717231e+00
1.011913633530350243e+00
1.011164573460084926e+00
1.010453553578934738e+00
1.010037105952461989e+00
1.009210698717152299e+00
1.008146580755139077e+00
1.007563694995348813e+00
1.006689317381469939e+00
1.005857279906027468e+00
1.004854988732632792e+00
1.003680399280104218e+00
9.967751796294844757e-01
9.870807610519776176e-01
9.774851046609482896e-01
9.680118702046580648e-01
9.585595325153388746e-01
9.496635978105372189e-01
9.403124030989435944e-01
9.312515388825963747e-01
9.224087428224397867e-01
9.134232897634052550e-01
9.048080831283176195e-01
8.962433170676513683e-01
8.879281962177878462e-01
8.794788177307607535e-01
8.713985889915241145e-01
8.635739670793411982e-01
8.554832245516378331e-01
8.476857375196907851e-01
8.400354236183359413e-01
8.323276107019601522e-01
8.245942741364786777e-01
8.172463718007931810e-01
8.098884544156519372e-01
8.027117300567013780e-01
7.955639254258480841e-01
7.887160828760755305e-01
7.815637556332025726e-01
7.746752033603101495e-01
7.676758749281296090e-01
7.608684091545687700e-01
7.542015509232068426e-01
7.472684232574968721e-01
7.404926416228191366e-01
7.338543819389444778e-01
7.271717056374847887e-01
7.209376111411694987e-01
7.141821619431268919e-01
7.077591192459478098e-01
7.008594563504209063e-01
6.943518620643450712e-01
6.875575526506271240e-01
6.811607715040791655e-01
6.747763080480511100e-01
6.681115917867547216e-01
6.614029396657943316e-01
6.547879089791202034e-01
6.481198076136116537e-01
6.415230518772795376e-01
6.348782459977962978e-01
6.282249787339774239e-01
6.216175027066612735e-01
6.149844886505463348e-01
6.084203679841896362e-01
6.015842808181995904e-01
5.949397758786809653e-01
5.885915914209504107e-01
5.817735742623523221e-01
5.754446980566075842e-01
5.688539488465172989e-01
5.623348310226335967e-01
5.559793072030221328e-01
5.494389752143155059e-01
5.430170392328727003e-01
5.364578393983538973e-01
5.301192952637221456e-01
5.237298322557099040e-01
5.173129510628522443e-01
5.110524155389133405e-01
5.049427129886243648e-01
4.985628154121069522e-01
4.924766030031425545e-01
4.864011678803497607e-01
4.804057663374579068e-01
4.743371541910687550e-01
4.685176828617284017e-01
4.624742669379403592e-01
4.565244918814783670e-01
4.506642169665542319e-01
4.448708319614694262e-01
4.390624222298757928e-01
4.333355761859817856e-01
4.277433080888892736e-01
4.221310186028285338e-01
4.165777197807299381e-01
4.110456879524232443e-01
4.056071765622376035e-01
4.000431062827623507e-01
3.945687669879460735e-01
3.891352618130047292e-01
3.838731179588534825e-01
3.784514369910876308e-01
3.731392636921239125e-01
3.679492454058377326e-01
3.626022107103971104e-01
3.572994504872656352e-01
3.522057585369519073e-01
3.471229473832240231e-01
3.419211627003446163e-01
3.367241465631257147e-01
3.316371702446433978e-01
3.265617703116064363e-01
3.214178837877607608e-01
3.163106378245145178e-01
3.112983864035501758e-01
3.062031543823776625e-01
3.012037375297250130e-01
2.962780039231945328e-01
2.911494473638194802e-01
2.862562582124398847e-01
2.812948568267270022e-01
2.762576897195235248e-01
2.713660814793421583e-01
2.665601793390552920e-01
2.615883810957366773e-01
2.567182658133711493e-01
2.517027774336891288e-01
2.468974876125467066e-01
2.420431419849312094e-01
2.372325411906269776e-01
2.323707238137671938e-01
2.274902621451939666e-01
2.227217330918696836e-01
2.179495137770417756e-01
2.132052105980150603e-01
2.085260265936606239e-01
2.038231919580869023e-01
1.991156234098059030e-01
1.944413442311756501e-01
1.897784190831491857e-01
1.851479697724283391e-01
1.806074410852197554e-01
1.759699117861742157e-01
1.713908523315106625e-01
1.668650973233786472e-01
1.623344248483007124e-01
1.578766415782817956e-01
1.534161435522547468e-01
1.489693040755293296e-01
1.445106460115188063e-01
1.401036986584200672e-01
1.357335809239785529e-01
1.313800368582788702e-01
1.270640001590169210e-01
1.227270861251705952e-01
1.185787192323203010e-01
1.147486797542765641e-01
1.112005349725296854e-01
1.077684080238617281e-01
1.045474821949672062e-01
1.013715756809966950e-01
9.844523192415245705e-02
9.552724971698164924e-02
