  4.99999998002098600E-012   0.0000000000000000     
  9.99999996004197200E-012   0.0000000000000000     
  1.49999999400629580E-011   0.0000000000000000     
  1.99999999200839440E-011   0.0000000000000000     
  2.49999999001049300E-011   0.0000000000000000     
  2.99999998801259160E-011   0.0000000000000000     
  3.49999998601469020E-011   0.0000000000000000     
  3.99999998401678880E-011   0.0000000000000000     
  4.49999998201888740E-011   0.0000000000000000     
  4.99999998002098600E-011   0.0000000000000000     
  5.49999997802308460E-011   0.0000000000000000     
  5.99999997602518320E-011   0.0000000000000000     
  6.49999997402728180E-011   0.0000000000000000     
  6.99999997202938040E-011   0.0000000000000000     
  7.49999997003147900E-011   0.0000000000000000     
  7.99999996803357760E-011   0.0000000000000000     
  8.49999996603567620E-011   0.0000000000000000     
  8.99999996403777480E-011   0.0000000000000000     
  9.49999996203987340E-011   0.0000000000000000     
  9.99999996004197200E-011   0.0000000000000000     
  1.04999999580440706E-010   0.0000000000000000     
  1.09999999560461692E-010   0.0000000000000000     
  1.14999999540482678E-010   0.0000000000000000     
  1.19999999520503664E-010   0.0000000000000000     
  1.24999999500524650E-010   0.0000000000000000     
  1.29999999480545636E-010   0.0000000000000000     
  1.34999999460566622E-010   0.0000000000000000     
  1.39999999440587608E-010   0.0000000000000000     
  1.44999999420608594E-010   0.0000000000000000     
  1.49999999400629580E-010   0.0000000000000000     
  1.54999999380650566E-010   0.0000000000000000     
  1.59999999360671552E-010   0.0000000000000000     
  1.64999999340692538E-010   0.0000000000000000     
  1.69999999320713524E-010   0.0000000000000000     
  1.74999999300734510E-010   0.0000000000000000     
  1.79999999280755496E-010   0.0000000000000000     
  1.84999999260776482E-010   0.0000000000000000     
  1.89999999240797468E-010   0.0000000000000000     
  1.94999999220818454E-010   0.0000000000000000     
  1.99999999200839440E-010   0.0000000000000000     
  2.04999999180860426E-010   0.0000000000000000     
  2.09999999160881412E-010   0.0000000000000000     
  2.14999999140902398E-010   0.0000000000000000     
  2.19999999120923384E-010   0.0000000000000000     
  2.24999999100944370E-010   0.0000000000000000     
  2.29999999080965356E-010   0.0000000000000000     
  2.34999999060986342E-010   0.0000000000000000     
  2.39999999041007328E-010   0.0000000000000000     
  2.44999999021028314E-010   0.0000000000000000     
  2.49999999001049300E-010   0.0000000000000000     
  2.54999998981070286E-010   0.0000000000000000     
  2.59999998961091272E-010   0.0000000000000000     
  2.64999998941112258E-010   0.0000000000000000     
  2.69999998921133244E-010   0.0000000000000000     
  2.74999998901154230E-010   0.0000000000000000     
  2.79999998881175216E-010   0.0000000000000000     
  2.84999998861196202E-010   0.0000000000000000     
  2.89999998841217188E-010   0.0000000000000000     
  2.94999998821238174E-010   0.0000000000000000     
  2.99999998801259160E-010   16.000000000000000     
  3.04999998781280146E-010   476.00000000000000     
  3.09999998761301132E-010   5590.0000000000000     
  3.14999998741322118E-010   42056.000000000000     
  3.19999998721343104E-010   202630.00000000000     
  3.24999998701364090E-010   682488.00000000000     
  3.29999998681385076E-010   1744524.0000000000     
  3.34999998661406062E-010   3589468.0000000000     
  3.39999998641427048E-010   6187154.0000000000     
  3.44999998621448034E-010   9300984.0000000000     
  3.49999998601469020E-010   12546204.000000000     
  3.54999998581490006E-010   15531652.000000000     
  3.59999998561510992E-010   17984138.000000000     
  3.64999998541531978E-010   19775264.000000000     
  3.69999998521552964E-010   20879108.000000000     
  3.74999998501573950E-010   21349976.000000000     
  3.79999998481594936E-010   21328348.000000000     
  3.84999998461615922E-010   20921540.000000000     
  3.89999998441636908E-010   20247414.000000000     
  3.94999998421657894E-010   19407026.000000000     
  3.99999998401678880E-010   18495768.000000000     
  4.04999998381699866E-010   17552414.000000000     
  4.09999998361720852E-010   16615200.000000000     
  4.14999998341741838E-010   15714878.000000000     
  4.19999998321762824E-010   14861374.000000000     
  4.24999998301783810E-010   14078498.000000000     
  4.29999998281804796E-010   13358484.000000000     
  4.34999998261825782E-010   12710004.000000000     
  4.39999998241846768E-010   12120532.000000000     
  4.44999998221867754E-010   11611666.000000000     
  4.49999998201888740E-010   11143350.000000000     
  4.54999998181909726E-010   10741380.000000000     
  4.59999998161930712E-010   10393892.000000000     
  4.64999998141951698E-010   10087890.000000000     
  4.69999998121972684E-010   9816468.0000000000     
  4.74999998101993670E-010   9608814.0000000000     
  4.79999998082014656E-010   9427684.0000000000     
  4.84999998062035642E-010   9281582.0000000000     
  4.89999998042056628E-010   9176150.0000000000     
  4.94999998022077614E-010   9102120.0000000000     
  4.99999998002098600E-010   9054668.0000000000     
  5.04999997982119586E-010   9041932.0000000000     
  5.09999997962140572E-010   9064702.0000000000     
  5.14999997942161558E-010   9118646.0000000000     
  5.19999997922182544E-010   9205994.0000000000     
  5.24999997902203530E-010   9313004.0000000000     
  5.29999997882224516E-010   9464830.0000000000     
  5.34999997862245502E-010   9653056.0000000000     
  5.39999997842266488E-010   9852840.0000000000     
  5.44999997822287474E-010   10107100.000000000     
  5.49999997802308460E-010   10380412.000000000     
  5.54999997782329446E-010   10717222.000000000     
  5.59999997762350432E-010   11081186.000000000     
  5.64999997742371418E-010   11483004.000000000     
  5.69999997722392404E-010   11928614.000000000     
  5.74999997702413390E-010   12432068.000000000     
  5.79999997682434376E-010   12987912.000000000     
  5.84999997662455362E-010   13577918.000000000     
  5.89999997642476348E-010   14227194.000000000     
  5.94999997622497334E-010   14911450.000000000     
  5.99999997602518320E-010   15662302.000000000     
  6.04999997582539306E-010   16452026.000000000     
  6.09999997562560292E-010   17283056.000000000     
  6.14999997542581278E-010   18141974.000000000     
  6.19999997522602264E-010   19045414.000000000     
  6.24999997502623250E-010   19952280.000000000     
  6.29999997482644236E-010   20906370.000000000     
  6.34999997462665222E-010   21840382.000000000     
  6.39999997442686208E-010   22785518.000000000     
  6.44999997422707194E-010   23726634.000000000     
  6.49999997402728180E-010   24670224.000000000     
  6.54999997382749166E-010   25595802.000000000     
  6.59999997362770152E-010   26521796.000000000     
  6.64999997342791138E-010   27425626.000000000     
  6.69999997322812124E-010   28299804.000000000     
  6.74999997302833110E-010   29170782.000000000     
  6.79999997282854096E-010   30019180.000000000     
  6.84999997262875082E-010   30831166.000000000     
  6.89999997242896068E-010   31624004.000000000     
  6.94999997222917054E-010   32357444.000000000     
  6.99999997202938040E-010   33061240.000000000     
  7.04999997182959026E-010   33691778.000000000     
  7.09999997162980012E-010   34240606.000000000     
  7.14999997143000998E-010   34698856.000000000     
  7.19999997123021984E-010   35090224.000000000     
  7.24999997103042970E-010   35380686.000000000     
  7.29999997083063956E-010   35585952.000000000     
  7.34999997063084942E-010   35714970.000000000     
  7.39999997043105928E-010   35728770.000000000     
  7.44999997023126914E-010   35710176.000000000     
  7.49999997003147900E-010   35610978.000000000     
  7.54999996983168886E-010   35451970.000000000     
  7.59999996963189872E-010   35266954.000000000     
  7.64999996943210858E-010   35052036.000000000     
  7.69999996923231844E-010   34837956.000000000     
  7.74999996903252830E-010   34628888.000000000     
  7.79999996883273816E-010   34409368.000000000     
  7.84999996863294802E-010   34190282.000000000     
  7.89999996843315788E-010   34002828.000000000     
  7.94999996823336774E-010   33816352.000000000     
  7.99999996803357760E-010   33636124.000000000     
  8.04999996783378746E-010   33518348.000000000     
  8.09999996763399732E-010   33380640.000000000     
  8.14999996743420718E-010   33313528.000000000     
  8.19999996723441704E-010   33269640.000000000     
  8.24999996703462690E-010   33270564.000000000     
  8.29999996683483676E-010   33318104.000000000     
  8.34999996663504662E-010   33401778.000000000     
  8.39999996643525648E-010   33541056.000000000     
  8.44999996623546634E-010   33745098.000000000     
  8.49999996603567620E-010   33974514.000000000     
  8.54999996583588606E-010   34254070.000000000     
  8.59999996563609592E-010   34592348.000000000     
  8.64999996543630578E-010   35003894.000000000     
  8.69999996523651564E-010   35456322.000000000     
  8.74999996503672550E-010   35940296.000000000     
  8.79999996483693536E-010   36501858.000000000     
  8.84999996463714522E-010   37103234.000000000     
  8.89999996443735508E-010   37741598.000000000     
  8.94999996423756494E-010   38450678.000000000     
  8.99999996403777480E-010   39190106.000000000     
  9.04999996383798466E-010   40001816.000000000     
  9.09999996363819452E-010   40850914.000000000     
  9.14999996343840438E-010   41741222.000000000     
  9.19999996323861424E-010   42657724.000000000     
  9.24999996303882410E-010   43613516.000000000     
  9.29999996283903396E-010   44603270.000000000     
  9.34999996263924382E-010   45597804.000000000     
  9.39999996243945368E-010   46624220.000000000     
  9.44999996223966354E-010   47645174.000000000     
  9.49999996203987340E-010   48697808.000000000     
  9.54999996184008326E-010   49740896.000000000     
  9.59999996164029312E-010   50780634.000000000     
  9.64999996144050298E-010   51794794.000000000     
  9.69999996124071284E-010   52832358.000000000     
  9.74999996104092270E-010   53794868.000000000     
  9.79999996084113256E-010   54767812.000000000     
  9.84999996064134242E-010   55719976.000000000     
  9.89999996044155228E-010   56614802.000000000     
  9.94999996024176214E-010   57474264.000000000     
  9.99999996004197200E-010   58293540.000000000     
  1.00499999598421819E-009   59110436.000000000     
  1.00999999596423917E-009   59827120.000000000     
  1.01499999594426016E-009   60519326.000000000     
  1.01999999592428114E-009   61182100.000000000     
  1.02499999590430213E-009   61774560.000000000     
  1.02999999588432312E-009   62366256.000000000     
  1.03499999586434410E-009   62899888.000000000     
  1.03999999584436509E-009   63411686.000000000     
  1.04499999582438607E-009   63864754.000000000     
  1.04999999580440706E-009   64283320.000000000     
  1.05499999578442805E-009   64661386.000000000     
  1.05999999576444903E-009   65045290.000000000     
  1.06499999574447002E-009   65354528.000000000     
  1.06999999572449100E-009   65664932.000000000     
  1.07499999570451199E-009   65932592.000000000     
  1.07999999568453298E-009   66185846.000000000     
  1.08499999566455396E-009   66426536.000000000     
  1.08999999564457495E-009   66646358.000000000     
  1.09499999562459593E-009   66867114.000000000     
  1.09999999560461692E-009   67060344.000000000     
  1.10499999558463791E-009   67277368.000000000     
  1.10999999556465889E-009   67469434.000000000     
  1.11499999554467988E-009   67662602.000000000     
  1.11999999552470086E-009   67871134.000000000     
  1.12499999550472185E-009   68070366.000000000     
  1.12999999548474284E-009   68328700.000000000     
  1.13499999546476382E-009   68598226.000000000     
  1.13999999544478481E-009   68831758.000000000     
  1.14499999542480579E-009   69128796.000000000     
  1.14999999540482678E-009   69443426.000000000     
  1.15499999538484777E-009   69787720.000000000     
  1.15999999536486875E-009   70163504.000000000     
  1.16499999534488974E-009   70561968.000000000     
  1.16999999532491072E-009   71009868.000000000     
  1.17499999530493171E-009   71492602.000000000     
  1.17999999528495270E-009   71990084.000000000     
  1.18499999526497368E-009   72556078.000000000     
  1.18999999524499467E-009   73128700.000000000     
  1.19499999522501565E-009   73791024.000000000     
  1.19999999520503664E-009   74432098.000000000     
  1.20499999518505763E-009   75145390.000000000     
  1.20999999516507861E-009   75926922.000000000     
  1.21499999514509960E-009   76703190.000000000     
  1.21999999512512058E-009   77538382.000000000     
  1.22499999510514157E-009   78389698.000000000     
  1.22999999508516256E-009   79284050.000000000     
  1.23499999506518354E-009   80203460.000000000     
  1.23999999504520453E-009   81175744.000000000     
  1.24499999502522551E-009   82140366.000000000     
  1.24999999500524650E-009   83133080.000000000     
  1.25499999498526749E-009   84160518.000000000     
  1.25999999496528847E-009   85184096.000000000     
  1.26499999494530946E-009   86225132.000000000     
  1.26999999492533044E-009   87296636.000000000     
  1.27499999490535143E-009   88339056.000000000     
  1.27999999488537242E-009   89389044.000000000     
  1.28499999486539340E-009   90428060.000000000     
  1.28999999484541439E-009   91472786.000000000     
  1.29499999482543537E-009   92510326.000000000     
  1.29999999480545636E-009   93507964.000000000     
  1.30499999478547735E-009   94511770.000000000     
  1.30999999476549833E-009   95508434.000000000     
  1.31499999474551932E-009   96439248.000000000     
  1.31999999472554030E-009   97373144.000000000     
  1.32499999470556129E-009   98261400.000000000     
  1.32999999468558228E-009   99158120.000000000     
  1.33499999466560326E-009   99984064.000000000     
  1.33999999464562425E-009   100801814.00000000     
  1.34499999462564523E-009   101575178.00000000     
  1.34999999460566622E-009   102340716.00000000     
  1.35499999458568721E-009   103061080.00000000     
  1.35999999456570819E-009   103762076.00000000     
  1.36499999454572918E-009   104428252.00000000     
  1.36999999452575016E-009   105108828.00000000     
  1.37499999450577115E-009   105721356.00000000     
  1.37999999448579214E-009   106308336.00000000     
  1.38499999446581312E-009   106910764.00000000     
  1.38999999444583411E-009   107471556.00000000     
  1.39499999442585509E-009   108040116.00000000     
  1.39999999440587608E-009   108572426.00000000     
  1.40499999438589707E-009   109128840.00000000     
  1.40999999436591805E-009   109627678.00000000     
  1.41499999434593904E-009   110163574.00000000     
  1.41999999432596002E-009   110654498.00000000     
  1.42499999430598101E-009   111175632.00000000     
  1.42999999428600200E-009   111712926.00000000     
  1.43499999426602298E-009   112242620.00000000     
  1.43999999424604397E-009   112741208.00000000     
  1.44499999422606495E-009   113254666.00000000     
  1.44999999420608594E-009   113798476.00000000     
  1.45499999418610693E-009   114361304.00000000     
  1.45999999416612791E-009   114926214.00000000     
  1.46499999414614890E-009   115520680.00000000     
  1.46999999412616988E-009   116117856.00000000     
  1.47499999410619087E-009   116746330.00000000     
  1.47999999408621186E-009   117367878.00000000     
  1.48499999406623284E-009   118031856.00000000     
  1.48999999404625383E-009   118713064.00000000     
  1.49499999402627481E-009   119425644.00000000     
  1.49999999400629580E-009   120171880.00000000     
  1.50499999398631679E-009   120937068.00000000     
  1.50999999396633777E-009   121723190.00000000     
  1.51499999394635876E-009   122540236.00000000     
  1.51999999392637974E-009   123355334.00000000     
  1.52499999390640073E-009   124240894.00000000     
  1.52999999388642172E-009   125115566.00000000     
  1.53499999386644270E-009   126001650.00000000     
  1.53999999384646369E-009   126954804.00000000     
  1.54499999382648467E-009   127916262.00000000     
  1.54999999380650566E-009   128905818.00000000     
  1.55499999378652665E-009   129905036.00000000     
  1.55999999376654763E-009   130896428.00000000     
  1.56499999374656862E-009   131947536.00000000     
  1.56999999372658960E-009   133005076.00000000     
  1.57499999370661059E-009   134015996.00000000     
  1.57999999368663158E-009   135090836.00000000     
  1.58499999366665256E-009   136193496.00000000     
  1.58999999364667355E-009   137304324.00000000     
  1.59499999362669453E-009   138364366.00000000     
  1.59999999360671552E-009   139432834.00000000     
  1.60499999358673651E-009   140484518.00000000     
  1.60999999356675749E-009   141628710.00000000     
  1.61499999354677848E-009   142685212.00000000     
  1.61999999352679946E-009   143767298.00000000     
  1.62499999350682045E-009   144826682.00000000     
  1.62999999348684144E-009   145860158.00000000     
  1.63499999346686242E-009   146889262.00000000     
  1.63999999344688341E-009   147950320.00000000     
  1.64499999342690439E-009   148945026.00000000     
  1.64999999340692538E-009   149976578.00000000     
  1.65499999338694637E-009   150972192.00000000     
  1.65999999336696735E-009   151914378.00000000     
  1.66499999334698834E-009   152860680.00000000     
  1.66999999332700932E-009   153818966.00000000     
  1.67499999330703031E-009   154736358.00000000     
  1.67999999328705130E-009   155623292.00000000     
  1.68499999326707228E-009   156527050.00000000     
  1.68999999324709327E-009   157407504.00000000     
  1.69499999322711425E-009   158264926.00000000     
  1.69999999320713524E-009   159093888.00000000     
  1.70499999318715623E-009   159898822.00000000     
  1.70999999316717721E-009   160732038.00000000     
  1.71499999314719820E-009   161540466.00000000     
  1.71999999312721918E-009   162368586.00000000     
  1.72499999310724017E-009   163156162.00000000     
  1.72999999308726116E-009   163952562.00000000     
  1.73499999306728214E-009   164723922.00000000     
  1.73999999304730313E-009   165465308.00000000     
  1.74499999302732411E-009   165266196.00000000     
  1.74999999300734510E-009   164697876.00000000     
  1.75499999298736609E-009   163972794.00000000     
  1.75999999296738707E-009   163336418.00000000     
  1.76499999294740806E-009   162643992.00000000     
  1.76999999292742904E-009   162015598.00000000     
  1.77499999290745003E-009   161378542.00000000     
  1.77999999288747102E-009   160738922.00000000     
  1.78499999286749200E-009   160042234.00000000     
  1.78999999284751299E-009   159426998.00000000     
  1.79499999282753397E-009   158809364.00000000     
  1.79999999280755496E-009   158229800.00000000     
  1.80499999278757595E-009   157585716.00000000     
  1.80999999276759693E-009   156974298.00000000     
  1.81499999274761792E-009   156396042.00000000     
  1.81999999272763890E-009   155781216.00000000     
  1.82499999270765989E-009   155206934.00000000     
  1.82999999268768088E-009   154644406.00000000     
  1.83499999266770186E-009   154064590.00000000     
  1.83999999264772285E-009   153497626.00000000     
  1.84499999262774383E-009   152965578.00000000     
  1.84999999260776482E-009   152399612.00000000     
  1.85499999258778581E-009   151864286.00000000     
  1.85999999256780679E-009   151316866.00000000     
  1.86499999254782778E-009   150790004.00000000     
  1.86999999252784876E-009   150272512.00000000     
  1.87499999250786975E-009   149724694.00000000     
  1.87999999248789074E-009   149166092.00000000     
  1.88499999246791172E-009   148637042.00000000     
  1.88999999244793271E-009   148118252.00000000     
  1.89499999242795369E-009   147527586.00000000     
  1.89999999240797468E-009   146997918.00000000     
  1.90499999238799567E-009   146404152.00000000     
  1.90999999236801665E-009   145902344.00000000     
  1.91499999234803764E-009   145329416.00000000     
  1.91999999232805862E-009   144752414.00000000     
  1.92499999230807961E-009   144163930.00000000     
  1.92999999228810060E-009   143582168.00000000     
  1.93499999226812158E-009   143005496.00000000     
  1.93999999224814257E-009   142381998.00000000     
  1.94499999222816355E-009   141778528.00000000     
  1.94999999220818454E-009   141126670.00000000     
  1.95499999218820553E-009   140478530.00000000     
  1.95999999216822651E-009   139851448.00000000     
  1.96499999214824750E-009   139148206.00000000     
  1.96999999212826848E-009   138451328.00000000     
  1.97499999210828947E-009   137783672.00000000     
  1.97999999208831046E-009   137051984.00000000     
  1.98499999206833144E-009   136296324.00000000     
  1.98999999204835243E-009   135598130.00000000     
  1.99499999202837341E-009   134851064.00000000     
  1.99999999200839440E-009   134066582.00000000     
  2.00499999198841539E-009   133283626.00000000     
  2.00999999196843637E-009   132501118.00000000     
  2.01499999194845736E-009   131683994.00000000     
  2.01999999192847834E-009   130868660.00000000     
  2.02499999190849933E-009   130046596.00000000     
  2.02999999188852032E-009   129217514.00000000     
  2.03499999186854130E-009   128413586.00000000     
  2.03999999184856229E-009   127540864.00000000     
  2.04499999182858327E-009   126671326.00000000     
  2.04999999180860426E-009   125801944.00000000     
  2.05499999178862525E-009   124975606.00000000     
  2.05999999176864623E-009   124056368.00000000     
  2.06499999174866722E-009   123193832.00000000     
  2.06999999172868820E-009   122323824.00000000     
  2.07499999170870919E-009   121412170.00000000     
  2.07999999168873018E-009   120514716.00000000     
  2.08499999166875116E-009   119623900.00000000     
  2.08999999164877215E-009   118690220.00000000     
  2.09499999162879313E-009   117811462.00000000     
  2.09999999160881412E-009   116928140.00000000     
  2.10499999158883511E-009   115979996.00000000     
  2.10999999156885609E-009   115095198.00000000     
  2.11499999154887708E-009   114149928.00000000     
  2.11999999152889806E-009   113253524.00000000     
  2.12499999150891905E-009   112311872.00000000     
  2.12999999148894004E-009   111419924.00000000     
  2.13499999146896102E-009   110494248.00000000     
  2.13999999144898201E-009   109578226.00000000     
  2.14499999142900299E-009   108674840.00000000     
  2.14999999140902398E-009   107739064.00000000     
  2.15499999138904497E-009   106844350.00000000     
  2.15999999136906595E-009   105894352.00000000     
  2.16499999134908694E-009   104965678.00000000     
  2.16999999132910792E-009   104054782.00000000     
  2.17499999130912891E-009   103105798.00000000     
  2.17999999128914990E-009   102190342.00000000     
  2.18499999126917088E-009   101263098.00000000     
  2.18999999124919187E-009   100304522.00000000     
  2.19499999122921285E-009   99393654.000000000     
  2.19999999120923384E-009   98435872.000000000     
  2.20499999118925483E-009   97521674.000000000     
  2.20999999116927581E-009   96548836.000000000     
  2.21499999114929680E-009   95595042.000000000     
  2.21999999112931778E-009   94616302.000000000     
  2.22499999110933877E-009   93653850.000000000     
  2.22999999108935976E-009   92655264.000000000     
  2.23499999106938074E-009   91709824.000000000     
  2.23999999104940173E-009   90716624.000000000     
  2.24499999102942271E-009   89719482.000000000     
  2.24999999100944370E-009   88699984.000000000     
  2.25499999098946469E-009   87682782.000000000     
  2.25999999096948567E-009   86667520.000000000     
  2.26499999094950666E-009   85643330.000000000     
  2.26999999092952764E-009   84650438.000000000     
  2.27499999090954863E-009   83574852.000000000     
  2.27999999088956962E-009   82524944.000000000     
  2.28499999086959060E-009   81494500.000000000     
  2.28999999084961159E-009   80411944.000000000     
  2.29499999082963257E-009   79341858.000000000     
  2.29999999080965356E-009   78250636.000000000     
  2.30499999078967455E-009   77190250.000000000     
  2.30999999076969553E-009   76068450.000000000     
  2.31499999074971652E-009   74980418.000000000     
  2.31999999072973750E-009   73848592.000000000     
  2.32499999070975849E-009   72746486.000000000     
  2.32999999068977948E-009   71626446.000000000     
  2.33499999066980046E-009   70508928.000000000     
  2.33999999064982145E-009   69344984.000000000     
  2.34499999062984243E-009   68219390.000000000     
  2.34999999060986342E-009   67039668.000000000     
  2.35499999058988441E-009   65915626.000000000     
  2.35999999056990539E-009   64738472.000000000     
  2.36499999054992638E-009   63570554.000000000     
  2.36999999052994736E-009   62400194.000000000     
  2.37499999050996835E-009   61219714.000000000     
  2.37999999048998934E-009   60051840.000000000     
  2.38499999047001032E-009   58849046.000000000     
  2.38999999045003131E-009   57644288.000000000     
  2.39499999043005229E-009   56453828.000000000     
  2.39999999041007328E-009   55232524.000000000     
  2.40499999039009427E-009   54031982.000000000     
  2.40999999037011525E-009   52813680.000000000     
  2.41499999035013624E-009   51633088.000000000     
  2.41999999033015722E-009   50405902.000000000     
  2.42499999031017821E-009   49154156.000000000     
  2.42999999029019920E-009   47936392.000000000     
  2.43499999027022018E-009   46706572.000000000     
  2.43999999025024117E-009   45466036.000000000     
  2.44499999023026215E-009   44213904.000000000     
  2.44999999021028314E-009   42954466.000000000     
  2.45499999019030413E-009   41720532.000000000     
  2.45999999017032511E-009   40447662.000000000     
  2.46499999015034610E-009   39248732.000000000     
  2.46999999013036708E-009   38167584.000000000     
  2.47499999011038807E-009   37143876.000000000     
  2.47999999009040906E-009   36141620.000000000     
  2.48499999007043004E-009   35207186.000000000     
  2.48999999005045103E-009   34278326.000000000     
  2.49499999003047201E-009   33418820.000000000     
  2.49999999001049300E-009   32542776.000000000     
