   0.0000000000000000     
   1.9976503498506863E-015
   7.9797909003056876E-015
   1.7914186625852310E-014
   3.1747756478890190E-014
   4.9407507397733276E-014
   7.0801782772440576E-014
   9.5821773747949586E-014
   1.2434323596446453E-013
   1.5622835290408337E-013
   1.9132768912685470E-013
   2.2948218141665589E-013
   2.7052512213743569E-013
   3.1428409619355988E-013
   3.6058284008226323E-013
   4.0924299840821349E-013
   4.6008575942126051E-013
   5.1293335664337803E-013
   5.6761042841305917E-013
   6.2394523116209051E-013
   6.8177070552315718E-013
   7.4092539713106644E-013
   8.0125423608461720E-013
   8.6260918081105641E-013
   9.2484973326935577E-013
   9.8784333345600473E-013
   1.0514656417717560E-012
   1.1156007181099054E-012
   1.1801411068751297E-012
   1.2449878369664003E-012
   1.3100503457205646E-012
   1.3752463355848577E-012
   1.4405015719678954E-012
   1.5057496303016583E-012
   1.5709315999995209E-012
   1.6359957525527818E-012
   1.7008971804601584E-012
   1.7655974133560685E-012
   1.8300640171072206E-012
   1.8942701812974147E-012
   1.9581943000423359E-012
   2.0218195505536117E-012
   2.0851334736219838E-012
   2.1481275596060099E-012
   2.2107968431673092E-012
   2.2731395096501345E-012
   2.3351565155084744E-012
   2.3968512249293804E-012
   2.4582290643881762E-012
   2.5192971965976882E-012
   2.5800642149131619E-012
   2.6405398590115107E-012
   2.7007347524499000E-012
   2.7606601623065211E-012
   2.8203277809661200E-012
   2.8797495299842841E-012
   2.9389373855269825E-012
   2.9979032250294669E-012
   3.0566586941912034E-012
   3.1152150936439281E-012
   3.1735832841827470E-012
   3.2317736097009708E-012
   3.2897958364905311E-012
   3.3476591079680048E-012
   3.4053719133501643E-012
   3.4629420692760416E-012
   3.5203767129510781E-012
   3.5776823055650869E-012
   3.6348646448085967E-012
   3.6919288852638341E-012
   3.7488795653895509E-012
   3.8057206400973710E-012
   3.8624555177739698E-012
   3.9190871007216464E-012
   3.9756178281140151E-012
   4.0320497206374884E-012
   4.0883844259209098E-012
   4.1446232641692327E-012
   4.2007672732464483E-012
   4.2568172527498388E-012
   4.3127738064601014E-012
   4.3686373829076451E-012
   4.4244083135125296E-012
   4.4800868482022558E-012
   4.5356731881103188E-012
   4.5911675153908471E-012
   4.6465700199606764E-012
   4.7018809231236279E-012
   4.7571004981772759E-012
   4.8122290880186029E-012
   4.8672671196550958E-012
   4.9222151158716508E-012
   4.9770737042121435E-012
   5.0318436230789374E-012
   5.0865257255650319E-012
   5.1411209809578762E-012
   5.1956304741494992E-012
   5.2500554032863443E-012
   5.3043970755582296E-012
   5.3586569018183271E-012
   5.4128363896286040E-012
   5.4669371354843116E-012
   5.5209608160519612E-012
   5.5749091788252346E-012
   5.6287840324482510E-012
   5.6825872366226259E-012
   5.7363206920282067E-012
   5.7899863303515471E-012
   5.8435861043585414E-012
   5.8971219783754136E-012
   5.9505959191756284E-012
   6.0040098873437908E-012
   6.0573658291289804E-012
   6.1106656690352396E-012
   6.1639113029734167E-012
   6.2171045920367707E-012
   6.2702473571103286E-012
   6.3233413740814672E-012
   6.3763883698069366E-012
   6.4293900187442543E-012
   6.4823479402181043E-012
   6.5352636964091067E-012
   6.5881387908925613E-012
   6.6409746676715833E-012
   6.6937727108369150E-012
   6.7465342446183980E-012
   6.7992605337574869E-012
   6.8519527844570684E-012
   6.9046121454420087E-012
   6.9572397094794258E-012
   7.0098365151113074E-012
   7.0624035485177666E-012
   7.1149417457540978E-012
   7.1674519948587555E-012
   7.2199351383273612E-012
   7.2723919753437038E-012
   7.3248232642862050E-012
   7.3772297251185573E-012
   7.4296120417052601E-012
   7.4819708642471068E-012
   7.5343068114644068E-012
   7.5866204727656314E-012
   7.6389124102304159E-012
   7.6911831606703384E-012
   7.7434332373219386E-012
   7.7956631316444653E-012
   7.8478733148444953E-012
   7.9000642394307754E-012
   7.9522363404884141E-012
   8.0043900369845772E-012
   8.0565257330501017E-012
   8.1086438188971195E-012
   8.1607446720731136E-012
   8.2128286582798125E-012
   8.2648961324546008E-012
   8.3169474394734229E-012
   8.3689829151806886E-012
   8.4210028869234529E-012
   8.4730076744527872E-012
   8.5249975904613275E-012
   8.5769729411398762E-012
   8.6289340269228859E-012
   8.6808811428274659E-012
   8.7328145791100897E-012
   8.7847346215966959E-012
   8.8366415522198105E-012
   8.8885356493316485E-012
   8.9404171879921733E-012
   8.9922864403733700E-012
   9.0441436759276850E-012
   9.0959891616307420E-012
   9.1478231623176377E-012
   9.1996459406536123E-012
   9.2514577575048144E-012
   9.3032588718129388E-012
   9.3550495408875190E-012
   9.4068300203871912E-012
   9.4586005644374864E-012
   9.5103614258333916E-012
   9.5621128560380909E-012
   9.6138551054460283E-012
   9.6655884235616679E-012
   9.7173130590628893E-012
   9.7690292600458331E-012
   9.8207372741521040E-012
   9.8724373487272328E-012
   9.9241297309131845E-012
   9.9758146678329202E-012
   1.0027492406576520E-011
   1.0079163194172634E-011
   1.0130827277614812E-011
   1.0182484903699344E-011
   1.0234136318868699E-011
   1.0285781769089683E-011
   1.0337421499629319E-011
   1.0389055754918855E-011
   1.0440684778344928E-011
   1.0492308811997097E-011
   1.0543928096439927E-011
   1.0595542870585790E-011
   1.0647153371350215E-011
   1.0698759833273887E-011
   1.0750362488392301E-011
   1.0801961565600073E-011
   1.0853557290450673E-011
   1.0905149884548703E-011
   1.0956739565361507E-011
   1.1008326545640733E-011
   1.1059911033236392E-011
   1.1111493230598409E-011
   1.1163073334538209E-011
   1.1214651536094521E-011
   1.1266228020283203E-011
   1.1317802966337590E-011
   1.1369376547582328E-011
   1.1420948931737710E-011
   1.1472520281037409E-011
   1.1524090752508894E-011
   1.1575660498160326E-011
   1.1627229665460434E-011
   1.1678798397532263E-011
   1.1730366833642062E-011
   1.1781935109391089E-011
   1.1833503357177936E-011
   1.1885071706592942E-011
   1.1936640284463242E-011
   1.1988209215353756E-011
   1.2039778621641178E-011
   1.2091348623699439E-011
   1.2142919339915616E-011
   1.2194490886723019E-011
   1.2246063378670956E-011
   1.2297636928135288E-011
   1.2349211645418316E-011
   1.2400787638347624E-011
   1.2452365012184335E-011
   1.2503943869202512E-011
   1.2555524308501925E-011
   1.2607106425634207E-011
   1.2658690312326355E-011
   1.2710276056307457E-011
   1.2761863741122019E-011
   1.2813453446211578E-011
   1.2865045246874594E-011
   1.2916639214332252E-011
   1.2968235415867604E-011
   1.3019833914797424E-011
   1.3071434770616386E-011
   1.3123038039373807E-011
   1.3174643773545480E-011
   1.3226252022658432E-011
   1.3277862833395154E-011
   1.3329476249947022E-011
   1.3381092314343540E-011
   1.3432711066744021E-011
   1.3484332545674001E-011
   1.3535956788556305E-011
   1.3587583831578590E-011
   1.3639213710280051E-011
   1.3690846459578116E-011
   1.3742482113939485E-011
   1.3794120707826092E-011
   1.3845762275469964E-011
   1.3897406851198430E-011
   1.3949054469444864E-011
   1.4000705164835410E-011
   1.4052358972139952E-011
   1.4104015926529849E-011
   1.4155676063421294E-011
   1.4207339418371112E-011
   1.4259006027315500E-011
   1.4310675926348057E-011
   1.4362349151594255E-011
   1.4414025739194563E-011
   1.4465705725184201E-011
   1.4517389145258617E-011
   1.4569076034729156E-011
   1.4620766428063579E-011
   1.4672460358863443E-011
   1.4724157859527889E-011
   1.4775858960930224E-011
   1.4827563692261914E-011
   1.4879272080863846E-011
   1.4930984151921419E-011
   1.4982699928393431E-011
   1.5034419430813441E-011
   1.5086142677179689E-011
   1.5137869682792388E-011
   1.5189600460303706E-011
   1.5241335019491521E-011
   1.5293073367319121E-011
   1.5344815507802278E-011
   1.5396561442001271E-011
   1.5448311167862052E-011
   1.5500064680317476E-011
   1.5551821971143125E-011
   1.5603583028917175E-011
   1.5655347839244609E-011
   1.5707116384528646E-011
   1.5758888644313009E-011
   1.5810664595215876E-011
   1.5862444211190429E-011
   1.5914227463522005E-011
   1.5966014320990623E-011
   1.6017804750025207E-011
   1.6069598714625083E-011
   1.6121396176586297E-011
   1.6173197095553893E-011
   1.6225001429026897E-011
   1.6276809132521098E-011
   1.6328620159568202E-011
   1.6380434461647061E-011
   1.6432251988482611E-011
   1.6484072687553481E-011
   1.6535896504569696E-011
   1.6587723383388070E-011
   1.6639553265956207E-011
   1.6691386092681796E-011
   1.6743221802462659E-011
   1.6795060333014889E-011
   1.6846901621111006E-011
   1.6898745602608424E-011
   1.6950592213062413E-011
   1.7002441387833605E-011
   1.7054293062213180E-011
   1.7106147171983288E-011
   1.7158003653558083E-011
   1.7209862444224054E-011
   1.7261723482643647E-011
   1.7313586709013734E-011
   1.7365452065466927E-011
   1.7417319496122646E-011
   1.7469188947403206E-011
   1.7521060368133400E-011
   1.7572933709575360E-011
   1.7624808925406985E-011
   1.7676685972037085E-011
   1.7728564808415375E-011
   1.7780445396253109E-011
   1.7832327699715874E-011
   1.7884211685735822E-011
   1.7936097323648839E-011
   1.7987984585219478E-011
   1.8039873444362395E-011
   1.8091763876913654E-011
   1.8143655860449127E-011
   1.8195549373909055E-011
   1.8247444397518461E-011
   1.8299340912449933E-011
   1.8351238900671827E-011
   1.8403138344604675E-011
   1.8455039227170013E-011
   1.8506941531603587E-011
   1.8558845241135802E-011
   1.8610750339293575E-011
   1.8662656809666532E-011
   1.8714564635802410E-011
   1.8766473801358829E-011
   1.8818384289851897E-011
   1.8870296084624113E-011
   1.8922209168859467E-011
   1.8974123525593420E-011
   1.9026039137722404E-011
   1.9077955987681293E-011
   1.9129874058050124E-011
   1.9181793330970191E-011
   1.9233713788531247E-011
   1.9285635412578738E-011
   1.9337558184983958E-011
   1.9389482087490724E-011
   1.9441407101903505E-011
   1.9493333210191360E-011
   1.9545260394517150E-011
   1.9597188637580093E-011
   1.9649117922477476E-011
   1.9701048233017348E-011
   1.9752979553832860E-011
   1.9804911870816600E-011
   1.9856845171202677E-011
   1.9908779444045037E-011
   1.9960714680594211E-011
   2.0012650874630131E-011
   2.0064588022937168E-011
   2.0116526125526511E-011
   2.0168465186096114E-011
   2.0220405211963391E-011
   2.0272346214707732E-011
   2.0324288209919273E-011
   2.0376231217167394E-011
   2.0428175260228352E-011
   2.0480120366636463E-011
   2.0532066567904549E-011
   2.0584013899024753E-011
   2.0635962398508630E-011
   2.0687912107794518E-011
   2.0739863071043398E-011
   2.0791815334913275E-011
   2.0843768947693599E-011
   2.0895723959264722E-011
   2.0947680420438364E-011
   2.0999638382368118E-011
   2.1051597896037898E-011
   2.1103559011682960E-011
   2.1155521778194528E-011
   2.1207486242553279E-011
   2.1259452449099826E-011
   2.1311420439158243E-011
   2.1363390250711306E-011
   2.1415361917702050E-011
   2.1467335469874972E-011
   2.1519310932436889E-011
   2.1571288325893209E-011
   2.1623267665968783E-011
   2.1675248963515994E-011
   2.1727232224411286E-011
   2.1779217449675077E-011
   2.1831204635209080E-011
   2.1883193772123879E-011
   2.1935184846804981E-011
   2.1987177841041124E-011
   2.2039172732210183E-011
   2.2091169493730848E-011
   2.2143168094996485E-011
   2.2195168502105143E-011
   2.2247170677815458E-011
   2.2299174582102566E-011
   2.2351180172453740E-011
   2.2403187404276023E-011
   2.2455196231324514E-011
   2.2507206606246298E-011
   2.2559218480861201E-011
   2.2611231807166225E-011
   2.2663246537553411E-011
   2.2715262625672945E-011
   2.2767280026664192E-011
   2.2819298698271507E-011
   2.2871318600633439E-011
   2.2923339697308276E-011
   2.2975361955465810E-011
   2.3027385346125336E-011
   2.3079409844575381E-011
   2.3131435430253721E-011
   2.3183462087338682E-011
   2.3235489804092278E-011
   2.3287518573146790E-011
   2.3339548391452062E-011
   2.3391579259763751E-011
   2.3443611182621464E-011
   2.3495644168020796E-011
   2.3547678226862590E-011
   2.3599713372618897E-011
   2.3651749620923148E-011
   2.3703786988773887E-011
   2.3755825494191571E-011
   2.3807865155623142E-011
   2.3859905991129977E-011
   2.3911948018037867E-011
   2.3963991251875993E-011
   2.4016035705865399E-011
   2.4068081390245552E-011
   2.4120128311216830E-011
   2.4172176470392994E-011
   2.4224225863963581E-011
   2.4276276482243798E-011
   2.4328328308968347E-011
   2.4380381320711237E-011
   2.4432435487004185E-011
   2.4484490769923274E-011
   2.4536547124010084E-011
   2.4588604496464299E-011
   2.4640662827374718E-011
   2.4692722050266485E-011
   2.4744782092091835E-011
   2.4796842874206015E-011
   2.4848904312900396E-011
   2.4900966320047777E-011
   2.4953028803660661E-011
   2.5005091668675604E-011
   2.5057154817750169E-011
   2.5109218151635595E-011
   2.5161281570219013E-011
   2.5213344972592706E-011
   2.5265408258254982E-011
   2.5317471327230715E-011
   2.5369534080906068E-011
   2.5421596422336828E-011
   2.5473658256938194E-011
   2.5525719492769477E-011
   2.5577780040953058E-011
   2.5629839815976099E-011
   2.5681898736052511E-011
   2.5733956723074892E-011
   2.5786013703472890E-011
   2.5838069607771024E-011
   2.5890124371531072E-011
   2.5942177935039503E-011
   2.5994230244008844E-011
   2.6046281249591224E-011
   2.6098330908289466E-011
   2.6150379182591807E-011
      399500
