           1
          22
          64
         103
         220
         304
         427
         586
         755
         924
        1120
        1315
        1567
        1906
        2234
        2468
        2728
        3179
        3436
        3906
        4247
        4691
        5135
        5621
        6151
        6640
        6893
        7451
        8292
        8723
        9397
       10114
       10516
       10931
       11783
       12488
       12975
       13992
       14758
       15440
       16071
       16882
       17941
       18471
       19288
       20357
       21031
       22047
       22726
       23688
       24666
       25218
       26505
       27217
       28124
       28998
       29838
       30960
       32009
       32965
       33932
       34954
       36187
       37413
       38212
       39613
       39992
       41453
       42287
       44146
       44901
       46218
       46918
       48152
       49733
       50276
       51746
       52213
       53916
       54918
       55920
       57151
       58255
       59330
       60258
       62256
       62934
       64063
       65700
       67080
       67709
       69667
       70232
       71653
       71883
       72964
       74731
       76127
       77367
       78526
       79426
       80706
       82429
       83495
       83728
       85349
       86786
       87450
       89186
       90269
       91178
       92153
       93287
       94386
       96152
       96645
       98143
       99136
      100381
      101223
      101842
      103037
      104459
      105342
      105761
      107652
      107966
      110063
      110212
      111510
      112524
      113004
      113920
      114684
      115667
      117206
      117780
      119090
      120010
      120613
      121715
      121418
      122826
      123993
      125132
      125667
      125454
      126767
      127546
      128388
      129160
      130225
      130821
      131122
      132345
      132540
      133126
      134008
      134132
      134995
      135781
      135994
      136866
      136516
      137588
      137674
      139189
      139263
      139164
      139972
      140806
      141309
      141259
      141332
      141435
      142397
      142346
      142934
      142869
      142718
      143912
      143809
      144166
      144372
      145179
      145309
      144503
      145082
      145123
      145166
      145725
      146654
      146126
      144989
      145525
      145211
      146391
      145545
      145735
      145928
      145970
      145957
      145909
      145581
      145165
      145444
      145530
      144981
      144669
      145360
      144519
      144136
      144881
      144054
      143319
      143372
      142963
      142709
      142254
      142376
      142121
      141959
      141663
      140780
      140650
      139965
      140362
      139345
      138808
      138595
      138029
      137464
      136532
      137499
      136932
      135394
      134852
      135008
      134649
      133007
      132540
      133070
      131727
      131267
      130807
      129814
      129565
      129084
      128268
      127482
      127818
      126706
      125872
      125073
      123492
      123350
      123694
      122497
      121658
      121003
      120693
      119992
      119150
      118591
      117617
      117301
      116688
      115263
      114239
      113550
      112406
      111541
      111389
      111436
      110465
      109639
      108427
      107815
      107288
      106228
      105431
      104832
      104098
      103299
      102581
      101761
       99992
      100209
       99382
       99068
       97661
       97025
       95965
       95470
       94260
       93918
       92656
       91878
       91309
       90504
       89192
       89064
       87704
       87559
       85994
       85605
       85010
       83581
       83414
       82629
       81716
       81399
       80702
       79630
       78523
       78273
       77554
       76177
       75532
       74835
       73786
       73535
       72323
       71625
       70690
       69947
       69598
       68751
       68254
       67469
       66469
       66336
       65237
       63762
       63553
       62726
       62200
       61535
       60705
       60334
       59165
       58702
       58259
       56912
       56823
       56113
       55248
       54348
       53615
       53255
       52710
       51688
       51411
       50689
       49890
       49125
       48909
       47952
       47831
       47033
       46349
       45712
       45195
       44539
       43820
       43202
       42837
       42630
       41847
       40966
       40427
       40080
       39558
       39075
       38614
       37880
       37282
       36864
       36550
       35817
       35291
       34881
       33938
       34001
       32906
       32845
       32264
       31835
       31145
       30806
       30436
       30190
       29542
       28919
       28716
       28253
       27822
       27266
       26777
       26164
       25945
       25348
       25134
       24531
       24600
       24088
       23793
       23184
       22931
       22515
       22287
       21736
       21531
       21172
       20449
       20497
       20117
       19723
       19436
       19409
       18780
       18498
       18239
       17950
       17618
       17345
       16923
       16470
       16433
       15884
       15803
       15408
       15159
       14906
       14729
       14598
       14158
       13985
       13455
       13304
       13064
       12949
       12958
       12659
       12444
       12040
       11851
       11692
       11464
       11178
       11075
       10786
       10417
       10268
       10174
        9897
        9818
        9592
        9424
        9162
        9076
        8867
        8673
        8566
        8479
        8291
        8130
        7879
        7591
        7624
        7452
        7386
        7231
        6967
        7051
        6728
        6481
        6536
        6303
        6240
        6101
        5861
        5831
        5562
        5565
        5352
        5208
        5267
        5070
        4993
        4785
        4834
        4777
        4760
        4332
        4490
        4309
        4225
        4146
        4216
        3848
        3864
        3802
        3845
        3564
        3552
        3450
        3412
        3362
        3311
        3189
        3047
        3023
        2951
        2968
        2766
        2796
        2789
        2658
        2688
        2503
        2525
        2459
        2427
        2324
        2279
        2214
        2160
        2073
        1997
        1989
        1892
        1876
        1837
        1833
        1790
        1718
        1702
        1605
        1625
        1588
        1483
        1532
        1452
        1480
        1407
        1428
        1378
        1304
        1338
        1225
        1147
        1176
        1107
        1180
        1105
        1097
        1085
        1045
         932
         956
         919
         997
         946
         890
         770
         847
         806
         830
         796
         755
         793
         693
         676
         714
         684
         625
         593
         579
         566
         537
         586
         582
         537
         535
         480
         456
         458
         417
         461
         424
         437
         418
         387
         364
         380
         346
         370
         361
         327
