   21165753955.231113     
   24519275411237.250     
   24452842791439.262     
   24254750175517.523     
   23928560950157.953     
   23480029986875.246     
   22916848834061.875     
   22248326766448.555     
   21485036255850.762     
   20638449723858.367     
   19720589565683.645     
   18743707479690.324     
   17720003012681.441     
   16661385768672.883     
   15579281930825.209     
   14484482992678.697     
   13387032899316.082     
   12296149128705.619     
   11220173012375.869     
   10166544588038.305     
   9141797973159.4590     
   8151573222543.1416     
   7200641434889.3613     
   6292940171161.9395     
   5431616709123.6553     
   4619077022360.2393     
   3857038495450.7563     
   3146585043732.5854     
   2488223224778.7876     
   1881938356802.4307     
   1327249890133.4626     
   823265239818.34717     
   368731696768.76807     
  -37914010694.314980     
  -398498645680.39728     
  -715068208643.20874     
  -989846413396.40710     
  -1225195991323.6492     
  -1423582880358.8357     
  -1587543200880.2515     
  -1719653002961.3604     
  -1822500716036.7251     
  -1898662243264.2781     
  -1950678631007.0786     
  -1981036215560.9094     
  -1992149155253.6304     
  -1986344316961.7800     
  -1965848463318.0498     
  -1932777506791.4290     
  -1889127851824.0728     
  -1836769659234.8613     
  -1777441864264.8762     
  -1712748904488.0398     
  -1644159020297.2542     
  -1573004005640.6113     
  -1500480255151.5449     
  -1427651052880.4651     
  -1355449959698.4204     
  -1284685204465.6670     
  -1216044927031.3921     
  -1150103096389.7129     
  -1087326054473.4130     
  -1028079508005.9911     
  -972635846438.57141     
  -921181700566.58997     
  -873825600006.63770     
  -830605686832.93860     
  -791497421747.12329     
  -756421144804.84546     
  -725249505594.74475     
  -697814652267.43933     
  -673915171169.04041     
  -653322657207.83362     
  -635787977472.19324     
  -621046985637.70764     
  -608825887700.99963     
  -598846006178.67517     
  -590828162250.14465     
  -584496559731.37439     
  -579582233026.83044     
  -575826024525.04651     
  -572981131290.49866     
  -570815241943.27075     
  -569112266536.72168     
  -567673607581.04626     
  -566319116845.09338     
  -564887617813.06165     
  -563237194847.35315     
  -561245124066.77185     
  -558807604534.13501     
  -555839234554.57373     
  -552272306637.65027     
  -548055967803.93970     
  -543155202430.22296     
  -537549788803.93738     
  -531233128488.93921     
  -524211087560.71179     
  -516500797869.29474     
  -508129332220.95276     
  -499132423303.39423     
  -489553183342.82153     
  -479440839826.64813     
  -468849445485.09076     
  -457836683746.95746     
  -446462686911.35052     
  -434788977529.28192     
  -422877509733.61505     
  -410789791806.66357     
  -398586095589.18939     
  -386324751264.30511     
  -374061547455.63989     
  -361849149835.33752     
  -349736640944.07861     
  -337769173582.74896     
  -325987727851.75446     
  -314429004995.31836     
  -303125385942.88843     
  -292105016162.54315     
  -281391866906.76434     
  -271005874752.74460     
  -260963082480.51077     
  -251275810248.48975     
  -241952852281.99350     
  -232999667384.09525     
  -224418679492.40411     
  -216209524411.85831     
  -208369361326.24323     
  -200893160232.73251     
  -193774021004.67172     
  -187003342824.64032     
  -180571065835.14447     
  -174465789509.11020     
  -168675002356.23605     
  -163185168300.54907     
  -157981934028.66901     
  -153050272183.80801     
  -148374643672.32944     
  -143939185406.26788     
  -139727890801.78952     
  -135724844443.44080     
  -131914368428.22745     
  -128281162821.92747     
  -124810426109.90039     
  -121487974981.76181     
  -118300308152.09708     
  -115234639411.41606     
  -112279002770.46408     
  -109422281816.60147     
  -106654293624.92046     
  -103965838373.86227     
  -101348716830.75928     
  -98795753508.801895     
  -96300807514.867493     
  -93858731844.837509     
  -91465310022.071289     
  -89117183523.224167     
  -86811805187.770203     
  -84547354049.120209     
  -82322646761.273285     
  -80137092870.750488     
  -77990660314.700150     
  -75883829744.604019     
  -73817556675.173492     
  -71793212166.041031     
  -69812521161.818863     
  -67877419613.850266     
  -65989938827.596329     
  -64152136154.709343     
  -62365961958.312965     
  -60633204434.528610     
  -58955415605.674019     
  -57333863183.739914     
  -55769493328.770325     
  -54262874866.048653     
  -52814161608.260811     
  -51423055221.780876     
  -50088807762.337273     
  -48810181892.119911     
  -47585433536.904243     
  -46412257047.353539     
  -45287739389.885529     
  -44208349821.510414     
  -43169949787.631737     
  -42167905732.385750     
  -41197197900.784660     
  -40252565238.375839     
  -39328597021.134064     
  -38419857292.413162     
  -37520977908.315178     
  -36626785553.845345     
  -35732330590.600143     
  -34833029477.998291     
  -33924678968.611912     
  -33003591158.839733     
  -32066665924.400536     
  -31111455054.430008     
  -30136189391.263531     
  -29139768806.424282     
  -28121673214.322029     
  -27081899424.803951     
  -26022529657.857513     
  -24940937249.417744     
  -23839899748.949638     
  -22720751102.437153     
  -21584997739.752319     
  -20434299886.275295     
  -19270371425.537971     
  -18094992164.949909     
  -16909916975.770140     
  -15716891448.718731     
  -14517584105.356129     
  -13313636206.818991     
  -12106659262.570086     
  -10898230705.816076     
  -9689823611.7495956     
  -8482890987.4935350     
  -7278838757.4233303     
  -6079148391.8439827     
  -4885436426.4639940     
  -3699536683.1722617     
  -2523532450.2530851     
  -1359765967.0636966     
  -210862753.08066598     
   920270744.61397219     
   2030456550.6247835     
   3116319009.3143716     
   4174265799.1882958     
   5200562319.2564335     
   6191429772.1822596     
   7143137365.2303600     
   8052036173.9071093     
   8914728074.8455410     
   9728110662.2981930     
   10489490356.924650     
   11196699780.983400     
   11848184423.197466     
   12443046058.180941     
   12981084659.813707     
   13462817380.512136     
   13889435676.237614     
   14262799494.468573     
   14585372808.148117     
   14860221651.054546     
   15090907469.653059     
   15281379202.792450     
   15435959551.398457     
   15559167143.651466     
   15655638091.051586     
   15730022110.747717     
   15786785028.341824     
   15830176655.518362     
   15864082032.182791     
   15891950602.592638     
   15916771683.047045     
   15941070349.770296     
   15966962678.682549     
   15996161427.588478     
   16030046954.914429     
   16069750378.339445     
   16116166525.467730     
   16170043305.059837     
   16232001445.221676     
   16302477596.498232     
   16381771461.673290     
   16470008669.329239     
   16567162920.150917     
   16673051316.501577     
   16787384385.229517     
   16909723222.334360     
   17039441771.809336     
   17175752247.877541     
   17317651685.663605     
   17463975349.522430     
   17613376877.300453     
   17764410064.131931     
   17915622456.890949     
   18065651189.319237     
   18213283439.528042     
   18357540610.182667     
   18497681748.957558     
   18633258743.590881     
   18764118410.796040     
   18890395351.565063     
   19012525369.044727     
   19131162831.199871     
   19247182848.651527     
   19361569223.302673     
   19475400547.511971     
   19589797427.567883     
   19705819076.272038     
   19824405456.413670     
   19946315648.403385     
   20072036209.747555     
   20201768871.079899     
   20335392265.908928     
   20472441540.141308     
   20611999793.065662     
   20752749535.047401     
   20892992697.055695     
   21030673270.807953     
